1003	0	1	10	9	3	21
1003	0	1	10	9	41	11
111	0	1	17	17	15	25
1002	0	1	17	17	15	30
1000	0	1	17	17	16	24
1000	0	1	17	17	20	19
1002	0	1	17	17	23	18
1002	0	1	17	17	26	11
1005	0	1	20	14	33	42
1003	0	1	21	10	27	4
1003	0	1	21	10	27	11
1003	0	1	23	11	43	4
1003	0	1	23	16	19	12
1003	0	1	24	16	39	16
24	0	1	24	16	39	18
1003	0	1	24	16	39	20
24	0	1	24	16	39	23
1003	0	1	24	16	39	25
24	0	1	24	16	39	27
1003	0	2	3	18	55	34
1003	0	2	3	19	31	9
1001	0	3	7	19	29	13
1003	0	3	7	19	29	27
111	0	3	7	21	35	55
114	0	3	7	21	43	53
112	0	3	13	21	23	12
113	0	3	13	21	23	16
114	0	3	13	21	23	18
115	0	3	13	21	23	20
1003	0	3	17	14	31	51
56	0	3	17	14	36	24
1003	0	3	26	15	17	18
24	0	3	26	15	17	20
126	0	4	3	14	30	28
126	0	4	3	14	31	17
111	0	4	3	14	58	4
1002	0	4	3	14	58	12
1003	0	4	22	9	54	11
1003	0	4	22	9	54	17
1003	0	4	22	9	54	22
1003	0	5	13	11	24	5
1004	0	7	15	16	28	3
141	0	7	15	16	29	39
141	0	7	15	16	33	6
1000	0	7	15	16	41	3
126	0	7	15	16	48	49
1008	0	7	15	16	50	39
1000	0	7	15	16	54	41
1003	0	7	25	8	51	7
24	0	7	25	8	51	11
1004	0	7	25	8	51	15
1003	0	7	25	8	51	17
24	0	7	25	8	51	20
1004	0	7	25	8	51	22
1003	0	7	25	8	51	24
1003	0	2	3	18	55	34
1003	0	2	3	19	31	9
1001	0	3	7	19	29	13
1003	0	3	7	19	29	27
111	0	3	7	21	35	55
114	0	3	7	21	43	53
112	0	3	13	21	23	12
113	0	3	13	21	23	16
114	0	3	13	21	23	18
115	0	3	13	21	23	20
1003	0	3	17	14	31	51
56	0	3	17	14	36	24
1003	0	3	26	15	17	18
24	0	3	26	15	17	20
126	0	4	3	14	30	28
126	0	4	3	14	31	17
111	0	4	3	14	58	4
1002	0	4	3	14	58	12
1003	0	4	22	9	54	11
1003	0	4	22	9	54	17
1003	0	4	22	9	54	22
1003	0	5	13	11	24	5
1004	0	7	15	16	28	3
141	0	7	15	16	29	39
141	0	7	15	16	33	6
1000	0	7	15	16	41	3
126	0	7	15	16	48	49
1008	0	7	15	16	50	39
1000	0	7	15	16	54	41
1003	0	7	25	8	51	7
24	0	7	25	8	51	11
1004	0	7	25	8	51	15
1003	0	7	25	8	51	17
24	0	7	25	8	51	20
1004	0	7	25	8	51	22
1003	0	7	25	8	51	24
1003	0	2	3	18	55	34
1003	0	2	3	19	31	9
1001	0	3	7	19	29	13
1003	0	3	7	19	29	27
111	0	3	7	21	35	55
114	0	3	7	21	43	53
112	0	3	13	21	23	12
113	0	3	13	21	23	16
114	0	3	13	21	23	18
115	0	3	13	21	23	20
1003	0	3	17	14	31	51
56	0	3	17	14	36	24
1003	0	3	26	15	17	18
24	0	3	26	15	17	20
126	0	4	3	14	30	28
126	0	4	3	14	31	17
111	0	4	3	14	58	4
1002	0	4	3	14	58	12
1003	0	4	22	9	54	11
1003	0	4	22	9	54	17
1003	0	4	22	9	54	22
1003	0	5	13	11	24	5
1004	0	7	15	16	28	3
141	0	7	15	16	29	39
141	0	7	15	16	33	6
1000	0	7	15	16	41	3
126	0	7	15	16	48	49
1008	0	7	15	16	50	39
1000	0	7	15	16	54	41
1003	0	7	25	8	51	7
24	0	7	25	8	51	11
1004	0	7	25	8	51	15
1003	0	7	25	8	51	17
24	0	7	25	8	51	20
1004	0	7	25	8	51	22
1003	0	7	25	8	51	24
14	0	7	25	15	21	53
1003	0	7	25	15	22	49
24	0	7	25	15	22	54
1004	0	7	25	15	22	56
1003	0	7	25	15	22	58
1003	0	7	26	16	22	21
24	0	7	26	16	22	25
1003	0	7	29	9	8	30
24	0	7	29	9	8	33
1004	0	7	29	9	8	35
1003	0	7	29	9	11	56
24	0	7	29	9	12	1
1004	0	7	29	9	12	4
1003	0	9	23	16	44	28
24	0	9	23	16	44	32
1004	0	9	23	16	44	36
61	0	9	23	16	44	37
1003	0	9	23	16	44	38
24	0	9	23	16	44	39
1004	0	9	23	16	44	40
61	0	9	23	16	44	40
1003	0	9	23	16	44	42
1003	0	11	6	16	31	54
24	0	11	6	16	32	2
1004	0	11	6	16	32	5
61	0	11	6	16	32	7
1003	0	11	6	16	32	50
1003	0	11	6	16	33	12
27	0	1	15	22	5	28
1000	0	1	15	22	6	8
1003	0	1	18	22	30	57
27	0	1	27	10	4	24
27	0	1	27	10	8	31
27	0	1	27	10	10	2
1000	02	04	20	07	57	
  27	02	10	21	23	30	
  27	02	10	21	26	54	
1000	02	11	14	40	49	
1000	02	11	18	01	29	
1000	02	13	11	51	05	
  27	02	13	13	10	38	
1000	02	17	16	54	13	
  18	02	18	19	55	07	
  18	02	18	19	55	29	
  18	02	18	19	56	40	
  18	02	18	19	58	25	
1000	02	19	20	38	21	
1000	02	19	20	38	49	
 100	   0	04	05	11	36	21	
 100	   0	04	05	11	36	29	
 100	   0	04	05	11	47	04	
 100	   0	04	05	11	47	35	
 100	   0	04	05	11	55	34	
 100	   0	04	05	11	56	19	
 100	   0	04	05	11	56	42	
 100	   0	04	05	11	56	51	
 100	   0	04	05	13	27	38	
 100	   0	04	05	13	27	51	
 103	   0	04	05	13	28	59	
 103	   0	04	05	13	29	14	
  21	   0	04	05	13	31	13	
  21	   0	04	05	13	31	29	
  21	   1	04	05	13	38	08	
  12	   3	04	05	13	39	26	
  21	   1	04	05	13	42	10	
  21	   1	04	05	13	43	08	
  21	   1	04	05	13	49	25	
  21	   1	04	05	13	51	41	
 100	   1	04	05	13	52	21	
  21	   1	04	05	14	00	01	
  22	   0	04	05	14	01	34	
 201	   0	04	05	14	22	53	
 200	   0	04	05	15	14	45	
  12	   3	04	06	11	51	31	
  12	   3	04	06	11	52	36	
 100	   1	04	06	11	52	46	
  12	   3	04	06	11	52	58	
  12	   3	04	06	13	19	54	
  12	   3	04	06	13	23	54	
 200	   0	04	06	13	52	58	
 200	   0	04	06	14	58	40	
 200	   0	04	06	14	58	54	
 200	   0	04	06	15	01	35	
 200	   0	04	06	15	19	38	
 200	   0	04	06	15	36	34	
 100	   1	04	08	14	04	40	
 103	   0	04	08	14	04	58	
 100	   1	04	08	14	15	34	
 100	   1	04	08	15	55	56	
 200	   0	04	08	16	46	39	
 115	  21	11	02	14	13	49	
 115	  21	11	02	14	15	43	
 115	  21	11	02	14	22	48	
 115	  21	11	02	14	54	34	
 115	  21	11	02	14	58	33	
 115	  19	11	08	20	49	56	
 115	  20	12	15	09	31	11	
